0.07999999999999996
0.07999999999999996
0.11250000000000004
0.040000000000000036
0.10750000000000004
0.02749999999999997
0.08999999999999997
0.275
0.06000000000000005
0.040000000000000036
0.13
0.21999999999999997
0.15249999999999997
0.10750000000000004
0.08999999999999997
0.08750000000000002
0.06000000000000005
0.030000000000000027
0.04749999999999999
0.22999999999999998
0.09250000000000003
0.22250000000000003
0.10250000000000004
0.07750000000000001
0.135
0.06499999999999995
0.14249999999999996
0.235
0.14
0.07250000000000001
0.06499999999999995
0.09750000000000003
0.02749999999999997
0.30000000000000004
0.07250000000000001
0.030000000000000027
0.07999999999999996
0.22750000000000004
0.08750000000000002
0.18500000000000005
0.012499999999999956
0.13
0.08750000000000002
0.09250000000000003
0.05500000000000005
0.25749999999999995
0.06000000000000005
0.0675
0.22999999999999998
0.28
0.09250000000000003
0.06000000000000005
0.06000000000000005
0.15249999999999997
0.09750000000000003
0.08999999999999997
0.012499999999999956
0.07250000000000001
0.09999999999999998
0.0625
0.275
0.04749999999999999
0.07999999999999996
0.06499999999999995
0.07250000000000001
0.06499999999999995
0.050000000000000044
0.275
0.07999999999999996
0.19999999999999996
0.08750000000000002
0.09999999999999998
0.08750000000000002
0.05249999999999999
0.040000000000000036
0.12250000000000005
0.030000000000000027
0.11250000000000004
0.08750000000000002
0.10999999999999999
0.08499999999999996
0.11250000000000004
0.245
0.09750000000000003
0.07250000000000001
0.01749999999999996
0.08750000000000002
0.2975
0.05500000000000005
0.07999999999999996
0.08750000000000002
0.06499999999999995
0.06999999999999995
0.06499999999999995
0.040000000000000036
0.06999999999999995
0.05500000000000005
0.22999999999999998
0.09750000000000003
0.05249999999999999
0.08750000000000002
0.19499999999999995
0.28
0.09499999999999997
0.11750000000000005
0.09750000000000003
0.06000000000000005
0.11250000000000004
0.22499999999999998
0.07499999999999996
0.07750000000000001
0.05500000000000005
0.09250000000000003
0.09250000000000003
0.08499999999999996
0.09750000000000003
0.22999999999999998
0.10999999999999999
0.04749999999999999
0.09499999999999997
0.09499999999999997
0.275
0.06000000000000005
0.07250000000000001
0.19499999999999995
0.11250000000000004
0.07999999999999996
0.09250000000000003
0.08499999999999996
0.030000000000000027
0.22750000000000004
0.22250000000000003
0.10750000000000004
0.050000000000000044
0.04249999999999998
0.22750000000000004
0.02749999999999997
0.06499999999999995
0.26749999999999996
0.06499999999999995
0.0625
0.12749999999999995
0.14249999999999996
0.06000000000000005
0.07750000000000001
0.24
0.07999999999999996
0.18500000000000005
0.09750000000000003
0.30000000000000004
0.07250000000000001
0.265
0.09250000000000003
0.15000000000000002
0.11250000000000004
0.22999999999999998
0.20999999999999996
0.06499999999999995
0.22999999999999998
0.11250000000000004
0.07250000000000001
0.030000000000000027
0.050000000000000044
0.07999999999999996
0.06000000000000005
0.11250000000000004
0.06000000000000005
0.09750000000000003
0.2025
0.27749999999999997
0.08750000000000002
0.06000000000000005
0.012499999999999956
0.29500000000000004
0.13749999999999996
0.07250000000000001
0.18999999999999995
0.07250000000000001
0.30000000000000004
0.07750000000000001
0.09999999999999998
0.14249999999999996
0.11750000000000005
0.255
0.07999999999999996
0.08750000000000002
0.05500000000000005
0.20999999999999996
0.09250000000000003
0.08750000000000002
0.15500000000000003
0.040000000000000036
0.23250000000000004
0.11250000000000004
0.14249999999999996
0.0675
0.12250000000000005
0.06499999999999995
0.12250000000000005
0.04249999999999998
0.07999999999999996
0.11250000000000004
0.04749999999999999
0.2025
0.0625
0.06499999999999995
0.057499999999999996
0.04749999999999999
0.057499999999999996
0.05500000000000005
0.12250000000000005
0.11250000000000004
0.06499999999999995
0.05500000000000005
0.19499999999999995
0.020000000000000018
0.05500000000000005
0.14
0.05500000000000005
0.20999999999999996
0.07250000000000001
0.07750000000000001
0.19499999999999995
0.13249999999999995
0.11250000000000004
0.06999999999999995
0.030000000000000027
0.07999999999999996
0.11250000000000004
0.08499999999999996
0.15249999999999997
0.06000000000000005
0.09750000000000003
0.09750000000000003
0.09250000000000003
0.020000000000000018
0.040000000000000036
0.11750000000000005
0.06499999999999995
0.11750000000000005
0.05500000000000005
0.07250000000000001
0.04749999999999999
0.030000000000000027
0.07250000000000001
0.08499999999999996
0.07250000000000001
0.08750000000000002
0.08999999999999997
0.18500000000000005
0.0625
0.07250000000000001
0.04249999999999998
0.11250000000000004
0.08999999999999997
0.07499999999999996
0.07999999999999996
0.28
0.020000000000000018
0.10499999999999998
0.04749999999999999
0.30000000000000004
0.05500000000000005
0.2825
0.1925
0.2025
0.11499999999999999
0.10999999999999999
0.14
0.07250000000000001
0.24
0.06499999999999995
0.030000000000000027
0.08750000000000002
0.03749999999999998
0.0675
0.040000000000000036
0.06000000000000005
0.12250000000000005
0.06999999999999995
0.09750000000000003
0.030000000000000027
0.04749999999999999
0.07250000000000001
0.08750000000000002
0.020000000000000018
0.06999999999999995
0.12250000000000005
0.07750000000000001
0.10250000000000004
0.24
0.09999999999999998
0.04749999999999999
0.11250000000000004
0.07999999999999996
0.20999999999999996
0.07750000000000001
0.057499999999999996
0.29500000000000004
0.07250000000000001
0.057499999999999996
0.06999999999999995
0.057499999999999996
0.11250000000000004
0.07999999999999996
0.17500000000000004
0.09250000000000003
0.255
0.11250000000000004
0.06499999999999995
0.22250000000000003
0.012499999999999956
0.04749999999999999
0.09250000000000003
0.14249999999999996
0.22999999999999998
0.07750000000000001
0.16000000000000003
0.135
0.06999999999999995
0.04749999999999999
0.09750000000000003
0.07750000000000001
0.245
0.12749999999999995
0.08750000000000002
0.05500000000000005
0.05500000000000005
0.0625
0.06499999999999995
0.09999999999999998
0.007499999999999951
0.05500000000000005
0.07999999999999996
0.17500000000000004
0.030000000000000027
0.07750000000000001
0.21999999999999997
0.06499999999999995
0.11250000000000004
0.14249999999999996
0.12250000000000005
0.135
0.06499999999999995
0.06499999999999995
0.08999999999999997
0.07499999999999996
0.06499999999999995
0.30500000000000005
0.26
0.22499999999999998
0.020000000000000018
0.04500000000000004
0.06499999999999995
0.255
0.02749999999999997
0.09250000000000003
0.06499999999999995
0.07999999999999996
0.09750000000000003
0.04249999999999998
0.1925
0.06499999999999995
0.22250000000000003
0.2975
0.2025
0.05249999999999999
0.07999999999999996
0.27
0.09999999999999998
0.07250000000000001
0.08499999999999996
0.09499999999999997
0.04500000000000004
0.06499999999999995
0.06000000000000005
0.030000000000000027
0.07499999999999996
0.020000000000000018
0.08750000000000002
0.245
0.07750000000000001
0.06499999999999995
0.07250000000000001
0.11250000000000004
0.09999999999999998
0.07999999999999996
0.06499999999999995
0.11250000000000004
0.09750000000000003
0.07999999999999996
0.22250000000000003
0.08750000000000002
0.08999999999999997
0.07999999999999996
0.08499999999999996
0.22750000000000004
0.09999999999999998
0.21499999999999997
0.28500000000000003
0.0625
0.09250000000000003
0.13
0.09250000000000003
0.21750000000000003
0.0675
0.135
0.16749999999999998
0.012499999999999956
0.07750000000000001
0.09999999999999998
0.15249999999999997
0.020000000000000018
0.08750000000000002
0.007499999999999951
0.08250000000000002
0.05500000000000005
0.11250000000000004
0.08999999999999997
0.14
0.22250000000000003
0.265
0.22750000000000004
0.03249999999999997
0.030000000000000027
0.07250000000000001
0.03749999999999998
0.09250000000000003
0.20999999999999996
0.25
0.06499999999999995
0.06000000000000005
0.030000000000000027
0.0625
0.21750000000000003
0.07499999999999996
0.040000000000000036
0.04749999999999999
0.07250000000000001
0.20499999999999996
0.26249999999999996
0.07999999999999996
0.06499999999999995
0.07750000000000001
0.08499999999999996
0.07250000000000001
0.05500000000000005
0.26249999999999996
0.08750000000000002
0.05500000000000005
0.21750000000000003
0.10499999999999998
0.08750000000000002
0.275
0.29500000000000004
0.057499999999999996
0.14249999999999996
0.23250000000000004
0.06000000000000005
0.06499999999999995
0.050000000000000044
0.06000000000000005
0.09750000000000003
0.050000000000000044
0.14249999999999996
0.07750000000000001
0.057499999999999996
0.09750000000000003
0.06499999999999995
0.29500000000000004
0.14249999999999996
0.07499999999999996
0.22250000000000003
0.07750000000000001
0.14249999999999996
0.07999999999999996
0.04749999999999999
0.22750000000000004
0.275
0.05500000000000005
0.030000000000000027
0.09750000000000003
0.12250000000000005
0.28
0.07250000000000001
0.13749999999999996
0.07250000000000001
0.09750000000000003
0.050000000000000044
0.05500000000000005
0.09250000000000003
0.030000000000000027
0.06999999999999995
0.05500000000000005
0.05500000000000005
0.11250000000000004
0.06999999999999995
0.11250000000000004
0.030000000000000027